1755708361534474
1755708362068184
1755708362193580
1755708362315669
1755708362445337
1755708362534670
1755708362646658
1755708362744518
1755708362830832
1755708362922987
1755708363020578
1755708363124344
1755708363233050
1755708363356935
1755708363489574
1755708363621380
1755708363743651
1755708363873037
1755708364003531
1755708364134304
1755708364220708
1755708364351049
1755708364480942
1755708364611485
1755708364733910
1755708364862895
1755708364993090
1755708365123857
1755708365254439
1755708365382779
1755708365513269
1755708365642608
1755708365773058
1755708365899967
1755708366028287
1755708366157683
1755708366276417
1755708366407049
1755708366533073
1755708366664969
1755708366793935
1755708366924673
1755708367055388
1755708367182850
1755708367312193
1755708367442308
1755708367568677
1755708367698737
1755708367825465
1755708367954577
1755708368084750
1755708368213459
1755708368343207
1755708368470196
1755708368572882
1755708368704628
1755708368830823
1755708368958176
1755708369083621
1755708369213653
1755708369340196
1755708369470359
1755708369596697
1755708369726370
1755708369855181
1755708369980244
1755708370104606
1755708370233116
1755708370363109
1755708370491893
1755708370622851
1755708370752244
1755708370882127
1755708371012228
1755708371142042
1755708371271359
1755708371400371
1755708371529135
1755708371657796
1755708371786020
1755708371914445
1755708372045404
1755708372167749
1755708372275079
1755708372406182
1755708372536195
1755708372662949
1755708372791165
1755708372921346
1755708373050710
1755708373181014
1755708373311417
1755708373441102
1755708373568678
1755708373698080
1755708373823656
1755708373949523
1755708374073167
1755708374187910
1755708374309296
1755708374434294
1755708374556961
1755708374687722
1755708374816875
1755708374947490
1755708375077455
1755708375201599
1755708375324726
1755708375451099
1755708375575513
1755708375701577
1755708375827559
1755708375956193
1755708376083017
1755708376208246
1755708376338370
1755708376467731
1755708376596227
1755708376719307
1755708376849890
1755708376979610
1755708377105361
1755708377228871
1755708377356911
1755708377484790
1755708377610880
1755708377736233
1755708377862362
1755708377987317
1755708378114849
1755708378241671
1755708378365226
1755708378490211
1755708378619390
1755708378747579
1755708378878090
1755708379003978
1755708379128512
1755708379258161
1755708379384325
1755708379508278
1755708379633781
1755708379760635
1755708379889098
1755708380017717
1755708380142543
1755708380266465
1755708380394046
1755708380522707
1755708380651883
1755708380778836
1755708380908989
1755708381038649
1755708381171383
1755708381298140
1755708381422049
1755708381550193
1755708381679009
1755708381807731
1755708381937331
1755708382066433
1755708382192305
1755708382318725
1755708382448939
1755708382556768
1755708382657515
1755708382786929
1755708382918079
1755708383047779
1755708383174331
1755708383299155
1755708383426658
1755708383550613
1755708383678304
1755708383805351
1755708383935554
1755708384066697
1755708384194507
1755708384320918
1755708384446714
1755708384577055
1755708384708339
1755708384837143
1755708384966765
1755708385097793
1755708385228527
1755708385357390
1755708385479411
1755708385604558
1755708385733578
1755708385858330
1755708385981535
1755708386109840
1755708386239624
1755708386372596
1755708386496939
1755708386624760
1755708386750018
1755708386877429
1755708387002118
1755708387133791
1755708387259855
1755708387387694
1755708387516425
1755708387645913
1755708387775195
1755708387908187
1755708388037621
1755708388167590
1755708388265140
1755708388345504
1755708388422388
1755708388497216
1755708388572968
1755708388649804
1755708388742242
1755708388872890
1755708389003315
1755708389132823
1755708389262592
1755708389392440
1755708389520600
1755708389648651
1755708389776267
1755708389901701
1755708390028356
1755708390152449
1755708390274179
1755708390399385
1755708390524988
1755708390650678
1755708390778298
1755708390903627
1755708391028852
1755708391155099
1755708391279084
1755708391401706
1755708391525859
1755708391649782
1755708391776719
1755708391903421
1755708392028423
1755708392158527
1755708392284526
1755708392414285
1755708392544145
1755708392673723
1755708392804860
1755708392934829
1755708393066331
1755708393197379
1755708393320702
1755708393449334
1755708393543150
1755708393670834
1755708393801205
1755708393931517
1755708394061663
1755708394182309
1755708394310003
1755708394438866
1755708394565605
1755708394691430
1755708394818608
1755708394949554
1755708395078610
1755708395210019
1755708395334826
1755708395462510
1755708395581175
1755708395706522
1755708395837202
1755708395965716
1755708396096458
1755708396221489
1755708396346454
1755708396471521
1755708396594377
1755708396720733
1755708396845141
1755708396968392
1755708397083004
1755708397207456
1755708397337490
1755708397462878
1755708397589640
1755708397718095
1755708397847063
1755708397971820
1755708398098360
1755708398225710
1755708398350875
1755708398479361
1755708398581047
1755708398710816
1755708398840603
1755708398962901
1755708399090570
1755708399219179
1755708399349472
1755708399478438
1755708399587104
1755708399712858
1755708399839353
1755708399972170
1755708400097345
1755708400199680
1755708400328742
1755708400453137
1755708400571348
1755708400701505
1755708400828768
1755708400952389
1755708401082886
1755708401211786
1755708401342651
1755708401473539
1755708401565448
1755708401693891
1755708401830592
1755708401955174
1755708402082880
1755708402199222
1755708402320295
1755708402450064
1755708402576126
1755708402701675
1755708402830774
1755708402960311
1755708403090046
1755708403217657
1755708403347309
1755708403474665
